394 726 856 1047
729 731 836
224 772
392 524 792 1055
78 784
450 705 776
763 769
621 767
126 752
198 740
739 907 977 1019 1043 1130
721 737 1101 1135
733 934 1034
785 886
76 727
718 1143
720 1858
146 716
122 309 714 801
209 713
215 1985
412 2057
930 992 1180 1248 1358 2062
253 729 731 1094 2021
208 809
94 897
95 894
54 885
901 1019
907 977 1019 1130 654 1043
821 1541
845 941
255 946
277 997
56 986
654 998
360 977
215 973
314 987
988 1026
437 560 974 1171
410 1011
108 1008
416 494 1049
207 210 802 1059 1136
259 611 1099
47 1079
316 1081
1035 1143
49 1048 1128
934 1162
937 1152
1188 1195
53 918 1186 1746
70 377 494 518 1155
616 758
787 2093
186 557
72 712
294 464